t # 21
v 0 1
v 1 8
v 2 4
v 3 45
v 4 5
v 5 42
v 6 96
v 7 110
v 8 111
v 9 6
v 10 108
v 11 7
v 12 24
v 13 43
v 14 49
v 15 51
v 16 59
v 17 63
v 18 67
v 19 97
v 20 98
v 21 99
v 22 9
v 23 58
v 24 66
v 25 86
v 26 109
v 27 10
v 28 11
v 29 12
v 30 35
v 31 13
v 32 18
v 33 20
v 34 44
v 35 28
v 36 29
v 37 100
v 38 102
v 39 25
v 40 27
v 41 34
v 42 30
v 43 46
v 44 47
v 45 52
v 46 54
v 47 55
v 48 90
v 49 91
v 50 31
v 51 70
v 52 71
e 0 1 18
e 2 3 445
e 4 5 542
e 4 6 596
e 4 7 5110
e 4 8 5111
e 9 10 6108
e 11 12 724
e 11 10 7108
e 1 5 842
e 1 13 843
e 1 3 845
e 1 14 849
e 1 15 851
e 1 16 859
e 1 17 863
e 1 18 867
e 1 6 896
e 1 19 897
e 1 20 898
e 1 21 899
e 1 8 8111
e 22 12 924
e 22 5 942
e 22 13 943
e 22 23 958
e 22 24 966
e 22 18 967
e 22 25 986
e 22 6 996
e 22 26 9109
e 22 7 9110
e 22 8 9111
e 27 10 10108
e 28 10 11108
e 29 12 1224
e 29 30 1235
e 29 6 1296
e 29 10 12108
e 31 10 13108
e 32 10 18108
e 33 34 2044
e 12 35 2428
e 12 36 2429
e 12 37 24100
e 12 38 24102
e 39 21 2599
e 40 34 2744
e 40 3 2745
e 36 41 2934
e 42 13 3043
e 42 43 3046
e 42 44 3047
e 42 15 3051
e 42 45 3052
e 42 46 3054
e 42 47 3055
e 42 23 3058
e 42 16 3059
e 42 18 3067
e 42 48 3090
e 42 49 3091
e 42 6 3096
e 42 20 3098
e 42 21 3099
e 42 7 30110
e 50 13 3143
e 50 44 3147
e 50 6 3196
e 50 10 31108
e 50 7 31110
e 50 8 31111
e 34 51 4470
e 51 6 7096
e 52 10 71108
t # 22
v 0 20
v 1 94
v 2 96
v 3 97
v 4 98
v 5 99
v 6 104
v 7 105
v 8 108
v 9 109
v 10 110
v 11 111
v 12 112
v 13 114
v 14 115
v 15 21
v 16 24
v 17 95
v 18 25
v 19 30
e 0 1 2094
e 0 2 2096
e 0 3 2097
e 0 4 2098
e 0 5 2099
e 0 6 20104
e 0 7 20105
e 0 8 20108
e 0 9 20109
e 0 10 20110
e 0 11 20111
e 0 12 20112
e 0 13 20114
e 0 14 20115
e 15 2 2196
e 15 4 2198
e 15 10 21110
e 15 11 21111
e 15 12 21112
e 16 1 2494
e 16 17 2495
e 16 3 2497
e 16 4 2498
e 16 11 24111
e 16 12 24112
e 18 8 25108
e 19 8 30108
t # 23
v 0 61
v 1 102
v 2 104
v 3 62
v 4 100
e 0 1 61102
e 0 2 61104
e 3 4 62100
t # 24
v 0 0
v 1 109
v 2 1
v 3 94
v 4 115
v 5 2
v 6 106
v 7 3
v 8 40
v 9 4
v 10 108
v 11 5
v 12 20
v 13 24
v 14 6
v 15 26
v 16 111
v 17 7
v 18 38
v 19 8
v 20 107
v 21 9
v 22 10
v 23 34
v 24 35
v 25 92
v 26 110
v 27 11
v 28 44
v 29 93
v 30 12
v 31 95
v 32 13
v 33 14
v 34 104
v 35 15
v 36 47
v 37 101
v 38 16
v 39 17
v 40 66
v 41 18
v 42 67
v 43 19
v 44 105
v 45 63
v 46 21
v 47 22
v 48 58
v 49 112
v 50 29
v 51 60
v 52 61
v 53 62
v 54 71
v 55 77
v 56 96
v 57 97
v 58 98
v 59 99
v 60 100
v 61 102
v 62 103
v 63 25
v 64 39
v 65 28
v 66 30
v 67 31
v 68 42
v 69 46
v 70 64
v 71 70
v 72 72
v 73 74
v 74 76
v 75 90
v 76 27
v 77 41
v 78 86
v 79 32
v 80 33
v 81 113
v 82 37
v 83 48
v 84 49
v 85 52
v 86 53
v 87 81
v 88 91
v 89 51
v 90 45
v 91 56
v 92 57
v 93 83
v 94 73
v 95 75
v 96 54
v 97 55
v 98 114
v 99 59
v 100 65
v 101 82
v 102 80
v 103 78
v 104 79
v 105 84
v 106 85
v 107 87
v 108 88
v 109 89
e 0 1 0109
e 2 3 194
e 2 1 1109
e 2 4 1115
e 5 6 2106
e 7 8 340
e 9 10 4108
e 9 4 4115
e 11 12 520
e 11 13 524
e 11 10 5108
e 11 4 5115
e 14 15 626
e 14 8 640
e 14 6 6106
e 14 1 6109
e 14 16 6111
e 17 13 724
e 17 15 726
e 17 18 738
e 17 8 740
e 19 18 838
e 19 20 8107
e 19 10 8108
e 19 4 8115
e 21 13 924
e 21 10 9108
e 21 4 9115
e 22 23 1034
e 22 24 1035
e 22 25 1092
e 22 6 10106
e 22 26 10110
e 27 13 1124
e 27 23 1134
e 27 28 1144
e 27 29 1193
e 30 31 1295
e 30 6 12106
e 32 12 1320
e 32 18 1338
e 32 29 1393
e 32 6 13106
e 32 10 13108
e 33 18 1438
e 33 34 14104
e 33 6 14106
e 33 10 14108
e 33 26 14110
e 33 4 14115
e 35 12 1520
e 35 36 1547
e 35 25 1592
e 35 29 1593
e 35 37 15101
e 35 6 15106
e 35 10 15108
e 35 16 15111
e 38 24 1635
e 38 6 16106
e 38 10 16108
e 38 1 16109
e 39 24 1735
e 39 40 1766
e 39 1 17109
e 41 15 1826
e 41 42 1867
e 41 34 18104
e 43 23 1934
e 43 24 1935
e 43 34 19104
e 43 44 19105
e 43 10 19108
e 43 4 19115
e 12 45 2063
e 12 44 20105
e 12 4 20115
e 46 15 2126
e 46 10 21108
e 47 8 2240
e 47 48 2258
e 47 31 2295
e 47 20 22107
e 47 10 22108
e 47 16 22111
e 47 49 22112
e 13 50 2429
e 13 51 2460
e 13 52 2461
e 13 53 2462
e 13 54 2471
e 13 55 2477
e 13 56 2496
e 13 57 2497
e 13 58 2498
e 13 59 2499
e 13 60 24100
e 13 61 24102
e 13 62 24103
e 13 10 24108
e 63 64 2539
e 63 8 2540
e 63 4 25115
e 15 65 2628
e 15 66 2630
e 15 67 2631
e 15 8 2640
e 15 68 2642
e 15 28 2644
e 15 69 2646
e 15 36 2647
e 15 70 2664
e 15 71 2670
e 15 54 2671
e 15 72 2672
e 15 73 2674
e 15 74 2676
e 15 75 2690
e 15 31 2695
e 15 58 2698
e 15 60 26100
e 15 62 26103
e 76 6 27106
e 76 10 27108
e 76 4 27115
e 65 24 2835
e 65 6 28106
e 65 10 28108
e 65 1 28109
e 65 26 28110
e 65 4 28115
e 50 23 2934
e 50 18 2938
e 50 6 29106
e 50 10 29108
e 50 1 29109
e 50 26 29110
e 50 16 29111
e 66 64 3039
e 66 8 3040
e 66 77 3041
e 66 48 3058
e 66 78 3086
e 66 6 30106
e 67 10 31108
e 79 6 32106
e 79 10 32108
e 79 1 32109
e 80 10 33108
e 80 1 33109
e 23 51 3460
e 23 52 3461
e 23 53 3462
e 23 45 3463
e 23 58 3498
e 23 6 34106
e 23 81 34113
e 24 6 35106
e 24 10 35108
e 24 4 35115
e 82 28 3744
e 82 83 3748
e 82 84 3749
e 18 85 3852
e 18 86 3853
e 18 52 3861
e 18 45 3863
e 18 87 3881
e 18 88 3891
e 64 83 3948
e 64 89 3951
e 64 49 39112
e 8 70 4064
e 8 44 40105
e 8 10 40108
e 77 28 4144
e 77 90 4145
e 77 83 4148
e 77 10 41108
e 68 91 4256
e 68 92 4257
e 28 91 4456
e 28 55 4477
e 28 93 4483
e 90 53 4562
e 90 94 4573
e 90 95 4575
e 69 10 46108
e 83 95 4875
e 83 4 48115
e 84 95 4975
e 89 95 5175
e 85 4 52115
e 86 53 5362
e 86 6 53106
e 96 4 54115
e 97 4 55115
e 91 10 56108
e 91 1 56109
e 92 3 5794
e 92 31 5795
e 92 10 57108
e 48 3 5894
e 48 1 58109
e 48 98 58114
e 48 4 58115
e 99 3 5994
e 99 4 59115
e 51 6 60106
e 53 100 6265
e 53 25 6292
e 53 29 6293
e 53 1 62109
e 45 6 63106
e 45 10 63108
e 45 1 63109
e 45 26 63110
e 45 16 63111
e 70 101 6482
e 70 93 6483
e 70 16 64111
e 70 49 64112
e 100 101 6582
e 100 4 65115
e 71 34 70104
e 71 4 70115
e 54 10 71108
e 54 1 71109
e 54 4 71115
e 72 6 72106
e 72 10 72108
e 72 4 72115
e 94 6 73106
e 94 10 73108
e 94 4 73115
e 95 6 75106
e 74 102 7680
e 74 4 76115
e 55 4 77115
e 103 6 78106
e 103 10 78108
e 103 16 78111
e 104 10 79108
e 104 16 79111
e 104 4 79115
e 102 10 80108
e 102 1 80109
e 102 26 80110
e 102 16 80111
e 87 10 81108
e 87 16 81111
e 101 10 82108
e 101 1 82109
e 101 4 82115
e 93 10 83108
e 93 1 83109
e 105 6 84106
e 105 10 84108
e 106 6 85106
e 106 10 85108
e 78 6 86106
e 78 4 86115
e 107 6 87106
e 107 10 87108
e 107 4 87115
e 108 10 88108
e 108 4 88115
e 109 10 89108
e 109 4 89115
e 75 4 90115
e 25 4 92115
e 31 34 95104
e 56 4 96115
e 57 4 97115
e 58 10 98108
e 58 4 98115
e 59 4 99115
e 34 1 104109
e 6 10 106108
e 6 1 106109
e 10 16 108111
e 1 49 109112
e 1 4 109115
e 26 4 110115
e 49 4 112115
t # 25
v 0 24
v 1 36
v 2 37
v 3 54
v 4 88
v 5 90
v 6 94
v 7 95
v 8 96
v 9 97
v 10 98
v 11 104
v 12 109
v 13 115
v 14 25
v 15 77
v 16 105
v 17 110
v 18 26
v 19 100
v 20 30
v 21 111
v 22 113
v 23 114
v 24 31
v 25 43
v 26 61
v 27 65
e 0 1 2436
e 0 2 2437
e 0 3 2454
e 0 4 2488
e 0 5 2490
e 0 6 2494
e 0 7 2495
e 0 8 2496
e 0 9 2497
e 0 10 2498
e 0 11 24104
e 0 12 24109
e 0 13 24115
e 14 2 2537
e 14 15 2577
e 14 7 2595
e 14 8 2596
e 14 9 2597
e 14 11 25104
e 14 16 25105
e 14 12 25109
e 14 17 25110
e 18 19 26100
e 20 5 3090
e 20 6 3094
e 20 8 3096
e 20 12 30109
e 20 21 30111
e 20 22 30113
e 20 23 30114
e 24 25 3143
e 24 21 31111
e 26 10 6198
e 27 10 6598
t # 26
v 0 0
v 1 108
v 2 1
v 3 94
v 4 2
v 5 102
v 6 112
v 7 3
v 8 111
v 9 115
v 10 5
v 11 26
v 12 99
v 13 6
v 14 35
v 15 40
v 16 78
v 17 79
v 18 110
v 19 7
v 20 8
v 21 39
v 22 54
v 23 62
v 24 63
v 25 85
v 26 9
v 27 24
v 28 76
v 29 95
v 30 97
v 31 10
v 32 11
v 33 22
v 34 34
v 35 38
v 36 109
v 37 12
v 38 25
v 39 67
v 40 104
v 41 13
v 42 36
v 43 14
v 44 56
v 45 59
v 46 65
v 47 77
v 48 98
v 49 15
v 50 17
v 51 92
v 52 16
v 53 58
v 54 66
v 55 18
v 56 20
v 57 64
v 58 19
v 59 69
v 60 75
v 61 21
v 62 44
v 63 83
v 64 23
v 65 82
v 66 48
v 67 49
v 68 90
v 69 52
v 70 84
v 71 28
v 72 29
v 73 30
v 74 31
v 75 32
v 76 61
v 77 71
v 78 100
v 79 106
v 80 68
v 81 113
v 82 46
v 83 96
v 84 33
v 85 41
v 86 43
v 87 47
v 88 55
v 89 73
v 90 80
v 91 103
v 92 107
v 93 53
v 94 72
v 95 81
v 96 60
v 97 42
v 98 74
v 99 101
v 100 45
v 101 70
v 102 50
v 103 51
v 104 57
v 105 105
v 106 86
v 107 87
v 108 89
e 0 1 0108
e 2 3 194
e 2 1 1108
e 4 5 2102
e 4 6 2112
e 7 8 3111
e 7 6 3112
e 7 9 3115
e 10 11 526
e 10 12 599
e 13 11 626
e 13 14 635
e 13 15 640
e 13 16 678
e 13 17 679
e 13 18 6110
e 19 11 726
e 19 18 7110
e 20 11 826
e 20 14 835
e 20 21 839
e 20 22 854
e 20 23 862
e 20 24 863
e 20 25 885
e 26 27 924
e 26 28 976
e 26 29 995
e 26 30 997
e 26 12 999
e 26 8 9111
e 31 27 1024
e 31 14 1035
e 32 33 1122
e 32 27 1124
e 32 34 1134
e 32 35 1138
e 32 29 1195
e 32 36 11109
e 37 27 1224
e 37 38 1225
e 37 34 1234
e 37 14 1235
e 37 39 1267
e 37 40 12104
e 37 18 12110
e 41 27 1324
e 41 34 1334
e 41 42 1336
e 41 35 1338
e 41 29 1395
e 41 18 13110
e 43 44 1456
e 43 45 1459
e 43 46 1465
e 43 39 1467
e 43 47 1477
e 43 48 1498
e 43 40 14104
e 43 36 14109
e 43 8 14111
e 49 50 1517
e 49 38 1525
e 49 34 1534
e 49 42 1536
e 49 35 1538
e 49 28 1576
e 49 51 1592
e 49 40 15104
e 49 18 15110
e 49 6 15112
e 52 53 1658
e 52 54 1666
e 55 56 1820
e 55 11 1826
e 55 57 1864
e 55 46 1865
e 55 54 1866
e 55 39 1867
e 55 40 18104
e 55 9 18115
e 58 56 1920
e 58 27 1924
e 58 11 1926
e 58 18 19110
e 58 6 19112
e 56 33 2022
e 56 34 2034
e 56 59 2069
e 56 60 2075
e 56 28 2076
e 56 17 2079
e 61 35 2138
e 61 57 2164
e 61 17 2179
e 61 29 2195
e 61 30 2197
e 33 62 2244
e 33 24 2263
e 33 39 2267
e 33 16 2278
e 33 63 2283
e 33 48 2298
e 33 36 22109
e 33 8 22111
e 64 65 2382
e 64 18 23110
e 64 8 23111
e 64 6 23112
e 27 66 2448
e 27 67 2449
e 27 53 2458
e 27 45 2459
e 27 24 2463
e 27 68 2490
e 27 6 24112
e 38 69 2552
e 38 23 2562
e 38 70 2584
e 38 12 2599
e 11 71 2628
e 11 72 2629
e 11 73 2630
e 11 74 2631
e 11 75 2632
e 11 76 2661
e 11 24 2663
e 11 77 2671
e 11 28 2676
e 11 47 2677
e 11 68 2690
e 11 78 26100
e 11 79 26106
e 71 34 2834
e 71 54 2866
e 71 39 2867
e 71 8 28111
e 72 34 2934
e 72 57 2964
e 72 51 2992
e 73 57 3064
e 73 80 3068
e 73 59 3069
e 73 51 3092
e 73 29 3095
e 73 6 30112
e 73 81 30113
e 74 35 3138
e 74 15 3140
e 74 36 31109
e 74 6 31112
e 75 82 3246
e 75 29 3295
e 75 83 3296
e 75 1 32108
e 75 36 32109
e 75 6 32112
e 75 9 32115
e 84 29 3395
e 84 6 33112
e 34 85 3441
e 34 86 3443
e 34 82 3446
e 34 87 3447
e 34 66 3448
e 34 67 3449
e 34 69 3452
e 34 88 3455
e 34 24 3463
e 34 77 3471
e 34 89 3473
e 34 16 3478
e 34 90 3480
e 34 63 3483
e 34 3 3494
e 34 30 3497
e 34 48 3498
e 34 5 34102
e 34 91 34103
e 34 79 34106
e 34 92 34107
e 34 1 34108
e 34 36 34109
e 34 81 34113
e 34 9 34115
e 14 69 3552
e 14 93 3553
e 14 94 3572
e 14 89 3573
e 14 16 3578
e 14 95 3581
e 14 70 3584
e 14 1 35108
e 42 53 3658
e 42 24 3663
e 35 53 3858
e 35 24 3863
e 35 59 3869
e 21 96 3960
e 21 59 3969
e 21 1 39108
e 15 62 4044
e 15 66 4048
e 15 76 4061
e 15 57 4064
e 15 54 4066
e 15 39 4067
e 15 3 4094
e 15 12 4099
e 15 1 40108
e 85 62 4144
e 85 6 41112
e 97 6 42112
e 86 6 43112
e 62 23 4462
e 62 80 4468
e 62 98 4474
e 62 51 4492
e 62 99 44101
e 62 79 44106
e 62 6 44112
e 100 101 4570
e 100 98 4574
e 100 28 4576
e 100 51 4592
e 100 36 45109
e 100 6 45112
e 66 44 4856
e 66 16 4878
e 66 3 4894
e 66 36 48109
e 67 28 4976
e 102 3 5094
e 102 36 50109
e 103 28 5176
e 103 3 5194
e 103 36 51109
e 103 8 51111
e 69 3 5294
e 69 1 52108
e 69 9 52115
e 93 8 53111
e 22 76 5461
e 44 57 5664
e 44 1 56108
e 44 9 56115
e 104 57 5764
e 104 1 57108
e 53 16 5878
e 53 17 5879
e 53 1 58108
e 53 36 58109
e 53 9 58115
e 45 16 5978
e 45 17 5979
e 45 65 5982
e 45 9 59115
e 96 29 6095
e 96 48 6098
e 96 1 60108
e 96 36 60109
e 96 8 60111
e 96 81 60113
e 76 17 6179
e 76 95 6181
e 76 65 6182
e 76 30 6197
e 76 12 6199
e 76 18 61110
e 76 8 61111
e 76 6 61112
e 23 46 6265
e 23 3 6294
e 23 36 62109
e 23 18 62110
e 23 6 62112
e 24 101 6370
e 24 51 6392
e 24 3 6394
e 24 83 6396
e 24 40 63104
e 24 18 63110
e 57 63 6483
e 57 48 6498
e 57 5 64102
e 57 8 64111
e 46 90 6580
e 46 65 6582
e 46 63 6583
e 46 12 6599
e 54 90 6680
e 54 29 6695
e 54 30 6697
e 54 81 66113
e 54 9 66115
e 39 101 6770
e 39 94 6772
e 39 30 6797
e 59 30 6997
e 59 40 69104
e 59 105 69105
e 59 79 69106
e 59 9 69115
e 101 17 7079
e 77 30 7197
e 77 9 71115
e 94 29 7295
e 94 8 72111
e 89 6 73112
e 60 1 75108
e 60 36 75109
e 60 18 75110
e 60 8 75111
e 60 6 75112
e 28 90 7680
e 28 95 7681
e 28 70 7684
e 28 25 7685
e 28 1 76108
e 47 70 7784
e 47 1 77108
e 16 6 78112
e 17 65 7982
e 17 63 7983
e 17 29 7995
e 17 78 79100
e 17 8 79111
e 90 8 80111
e 90 6 80112
e 95 29 8195
e 65 51 8292
e 65 78 82100
e 65 40 82104
e 65 6 82112
e 63 40 83104
e 63 6 83112
e 70 8 84111
e 25 12 8599
e 25 6 85112
e 106 6 86112
e 107 6 87112
e 108 36 89109
e 108 8 89111
e 108 6 89112
e 68 1 90108
e 68 9 90115
e 29 79 95106
e 78 1 100108
e 99 1 101108
e 99 9 101115
e 1 8 108111
e 36 9 109115
t # 27
v 0 0
v 1 22
v 2 23
v 3 30
v 4 61
v 5 64
v 6 1
v 7 15
v 8 58
v 9 59
v 10 66
v 11 67
v 12 112
v 13 2
v 14 35
v 15 3
v 16 34
v 17 4
v 18 6
v 19 7
v 20 24
v 21 8
v 22 25
v 23 49
v 24 51
v 25 104
v 26 9
v 27 18
v 28 26
v 29 53
v 30 57
v 31 99
v 32 107
v 33 10
v 34 32
v 35 33
v 36 45
v 37 11
v 38 42
v 39 44
v 40 93
v 41 12
v 42 19
v 43 69
v 44 98
v 45 13
v 46 101
v 47 14
v 48 39
v 49 65
v 50 20
v 51 36
v 52 38
v 53 40
v 54 54
v 55 55
v 56 56
v 57 60
v 58 97
v 59 105
v 60 110
v 61 16
v 62 92
v 63 17
v 64 108
v 65 63
v 66 115
v 67 21
v 68 46
v 69 47
v 70 87
v 71 109
v 72 29
v 73 62
v 74 80
v 75 102
v 76 113
v 77 103
v 78 75
v 79 77
v 80 81
v 81 83
v 82 89
v 83 96
v 84 100
v 85 106
v 86 94
v 87 27
v 88 28
v 89 95
v 90 84
v 91 88
v 92 52
v 93 50
v 94 71
v 95 72
v 96 73
v 97 48
v 98 37
v 99 41
v 100 68
v 101 76
v 102 91
v 103 70
v 104 74
v 105 78
v 106 114
v 107 79
v 108 111
v 109 90
v 110 82
v 111 86
e 0 1 022
e 0 2 023
e 0 3 030
e 0 4 061
e 0 5 064
e 6 7 115
e 6 3 130
e 6 8 158
e 6 9 159
e 6 10 166
e 6 11 167
e 6 12 1112
e 13 14 235
e 13 4 261
e 15 16 334
e 17 7 415
e 18 14 635
e 19 20 724
e 19 16 734
e 21 20 824
e 21 22 825
e 21 23 849
e 21 24 851
e 21 9 859
e 21 25 8104
e 26 27 918
e 26 20 924
e 26 28 926
e 26 29 953
e 26 30 957
e 26 5 964
e 26 31 999
e 26 32 9107
e 33 3 1030
e 33 34 1032
e 33 35 1033
e 33 36 1045
e 33 11 1067
e 37 1 1122
e 37 20 1124
e 37 16 1134
e 37 38 1142
e 37 39 1144
e 37 5 1164
e 37 10 1166
e 37 40 1193
e 41 42 1219
e 41 20 1224
e 41 35 1233
e 41 36 1245
e 41 30 1257
e 41 43 1269
e 41 44 1298
e 45 38 1342
e 45 40 1393
e 45 46 13101
e 47 28 1426
e 47 48 1439
e 47 30 1457
e 47 49 1465
e 47 43 1469
e 47 44 1498
e 7 50 1520
e 7 20 1524
e 7 28 1526
e 7 51 1536
e 7 52 1538
e 7 48 1539
e 7 53 1540
e 7 29 1553
e 7 54 1554
e 7 55 1555
e 7 56 1556
e 7 30 1557
e 7 8 1558
e 7 57 1560
e 7 5 1564
e 7 10 1566
e 7 40 1593
e 7 58 1597
e 7 46 15101
e 7 59 15105
e 7 60 15110
e 61 1 1622
e 61 20 1624
e 61 62 1692
e 63 20 1724
e 63 64 17108
e 27 22 1825
e 27 65 1863
e 27 10 1866
e 27 11 1867
e 27 66 18115
e 42 1 1922
e 42 16 1934
e 42 4 1961
e 42 5 1964
e 42 46 19101
e 42 64 19108
e 50 4 2061
e 67 1 2122
e 67 20 2124
e 67 68 2146
e 67 69 2147
e 67 5 2164
e 67 70 2187
e 67 40 2193
e 67 44 2198
e 67 71 21109
e 1 72 2229
e 1 56 2256
e 1 30 2257
e 1 9 2259
e 1 73 2262
e 1 65 2263
e 1 11 2267
e 1 43 2269
e 1 74 2280
e 1 44 2298
e 1 75 22102
e 1 76 22113
e 2 77 23103
e 20 72 2429
e 20 68 2446
e 20 9 2459
e 20 57 2460
e 20 4 2461
e 20 65 2463
e 20 78 2475
e 20 79 2477
e 20 80 2481
e 20 81 2483
e 20 82 2489
e 20 40 2493
e 20 83 2496
e 20 44 2498
e 20 84 24100
e 20 75 24102
e 20 77 24103
e 20 85 24106
e 20 64 24108
e 20 12 24112
e 20 76 24113
e 22 8 2558
e 22 44 2598
e 22 12 25112
e 28 36 2645
e 28 65 2663
e 28 86 2694
e 87 76 27113
e 88 16 2834
e 88 5 2864
e 72 16 2934
e 72 5 2964
e 72 49 2965
e 72 62 2992
e 72 89 2995
e 72 46 29101
e 72 64 29108
e 3 16 3034
e 3 68 3046
e 3 69 3047
e 3 54 3054
e 3 8 3058
e 3 5 3064
e 3 49 3065
e 3 90 3084
e 3 91 3088
e 3 82 3089
e 3 40 3093
e 3 31 3099
e 3 12 30112
e 34 92 3252
e 34 31 3299
e 34 64 32108
e 34 12 32112
e 35 5 3364
e 35 64 33108
e 16 23 3449
e 16 93 3450
e 16 24 3451
e 16 55 3455
e 16 9 3459
e 16 65 3463
e 16 94 3471
e 16 95 3472
e 16 96 3473
e 16 78 3475
e 16 58 3497
e 16 44 3498
e 16 84 34100
e 16 75 34102
e 16 77 34103
e 16 32 34107
e 16 76 34113
e 16 66 34115
e 14 68 3546
e 14 97 3548
e 14 23 3549
e 14 77 35103
e 14 66 35115
e 51 36 3645
e 51 9 3659
e 51 4 3661
e 98 39 3744
e 53 36 4045
e 53 4 4061
e 99 39 4144
e 38 24 4251
e 38 9 4259
e 38 65 4263
e 38 43 4269
e 38 94 4271
e 39 24 4451
e 39 29 4453
e 39 100 4468
e 39 43 4469
e 39 101 4476
e 39 91 4488
e 39 82 4489
e 39 102 4491
e 36 103 4570
e 36 101 4576
e 36 91 4588
e 68 4 4661
e 97 49 4865
e 97 101 4876
e 97 79 4877
e 97 40 4893
e 97 71 48109
e 23 103 4970
e 23 104 4974
e 23 101 4976
e 23 79 4977
e 23 105 4978
e 23 62 4992
e 23 71 49109
e 23 66 49115
e 93 103 5070
e 93 104 5074
e 24 4 5161
e 24 104 5174
e 24 62 5192
e 24 106 51114
e 24 66 51115
e 92 49 5265
e 92 62 5292
e 29 4 5361
e 29 49 5365
e 29 10 5366
e 29 11 5367
e 55 4 5561
e 30 103 5770
e 30 94 5771
e 30 12 57112
e 8 71 58109
e 9 101 5976
e 9 107 5979
e 9 74 5980
e 9 40 5993
e 9 60 59110
e 57 25 60104
e 57 108 60111
e 4 73 6162
e 4 10 6166
e 4 100 6168
e 4 43 6169
e 4 58 6197
e 4 25 61104
e 4 59 61105
e 73 62 6292
e 65 103 6370
e 65 109 6390
e 65 62 6392
e 65 71 63109
e 65 108 63111
e 5 44 6498
e 49 110 6582
e 49 77 65103
e 49 108 65111
e 49 76 65113
e 10 71 66109
e 10 66 66115
e 11 103 6770
e 11 95 6772
e 11 40 6793
e 43 59 69105
e 43 66 69115
e 103 85 70106
e 104 108 74111
e 78 25 75104
e 101 64 76108
e 105 44 7898
e 105 12 78112
e 74 25 80104
e 110 82 8289
e 110 40 8293
e 110 83 8296
e 110 46 82101
e 110 60 82110
e 110 12 82112
e 81 89 8395
e 81 46 83101
e 81 59 83105
e 81 32 83107
e 81 60 83110
e 111 46 86101
e 111 85 86106
e 111 32 86107
e 75 71 102109
e 85 108 106111
e 85 12 106112
e 32 71 107109
t # 28
v 0 0
v 1 24
v 2 38
v 3 1
v 4 94
v 5 108
v 6 2
v 7 45
v 8 61
v 9 112
v 10 5
v 11 111
v 12 6
v 13 20
v 14 26
v 15 39
v 16 69
v 17 83
v 18 110
v 19 7
v 20 79
v 21 8
v 22 87
v 23 9
v 24 10
v 25 35
v 26 40
v 27 47
v 28 67
v 29 104
v 30 107
v 31 11
v 32 12
v 33 36
v 34 37
v 35 77
v 36 82
v 37 13
v 38 14
v 39 59
v 40 95
v 41 106
v 42 15
v 43 65
v 44 92
v 45 109
v 46 115
v 47 16
v 48 17
v 49 86
v 50 18
v 51 34
v 52 58
v 53 91
v 54 19
v 55 98
v 56 103
v 57 105
v 58 21
v 59 78
v 60 22
v 61 49
v 62 23
v 63 57
v 64 28
v 65 29
v 66 41
v 67 43
v 68 46
v 69 48
v 70 60
v 71 62
v 72 63
v 73 73
v 74 75
v 75 97
v 76 100
v 77 25
v 78 30
v 79 31
v 80 71
v 81 90
v 82 101
v 83 102
v 84 113
v 85 27
v 86 55
v 87 68
v 88 32
v 89 52
v 90 33
v 91 53
v 92 99
v 93 72
v 94 44
v 95 50
v 96 51
v 97 56
v 98 89
v 99 70
v 100 93
v 101 64
v 102 66
v 103 76
v 104 74
v 105 80
v 106 54
v 107 114
v 108 96
v 109 81
v 110 85
e 0 1 024
e 0 2 038
e 3 2 138
e 3 4 194
e 3 5 1108
e 6 7 245
e 6 8 261
e 6 9 2112
e 10 4 594
e 10 11 5111
e 12 13 620
e 12 1 624
e 12 14 626
e 12 15 639
e 12 16 669
e 12 17 683
e 12 18 6110
e 12 11 6111
e 19 1 724
e 19 14 726
e 19 15 739
e 19 20 779
e 19 17 783
e 21 16 869
e 21 22 887
e 23 1 924
e 24 25 1035
e 24 15 1039
e 24 26 1040
e 24 27 1047
e 24 28 1067
e 24 16 1069
e 24 17 1083
e 24 29 10104
e 24 30 10107
e 24 11 10111
e 31 1 1124
e 31 14 1126
e 31 15 1139
e 31 4 1194
e 32 1 1224
e 32 14 1226
e 32 33 1236
e 32 34 1237
e 32 35 1277
e 32 36 1282
e 32 22 1287
e 32 11 12111
e 37 14 1326
e 37 15 1339
e 37 5 13108
e 38 25 1435
e 38 34 1437
e 38 2 1438
e 38 15 1439
e 38 39 1459
e 38 8 1461
e 38 28 1467
e 38 35 1477
e 38 40 1495
e 38 41 14106
e 38 11 14111
e 42 1 1524
e 42 2 1538
e 42 39 1559
e 42 43 1565
e 42 44 1592
e 42 4 1594
e 42 40 1595
e 42 45 15109
e 42 46 15115
e 47 2 1638
e 48 13 1720
e 48 1 1724
e 48 14 1726
e 48 2 1738
e 48 49 1786
e 50 51 1834
e 50 25 1835
e 50 52 1858
e 50 39 1859
e 50 8 1861
e 50 53 1891
e 50 29 18104
e 50 9 18112
e 54 51 1934
e 54 43 1965
e 54 45 19109
e 13 7 2045
e 13 8 2061
e 13 55 2098
e 13 56 20103
e 13 57 20105
e 13 30 20107
e 58 59 2178
e 58 41 21106
e 60 61 2249
e 60 39 2259
e 60 16 2269
e 60 55 2298
e 60 41 22106
e 60 11 22111
e 60 9 22112
e 62 7 2345
e 62 61 2349
e 62 63 2357
e 62 30 23107
e 62 11 23111
e 62 9 23112
e 1 64 2428
e 1 65 2429
e 1 66 2441
e 1 67 2443
e 1 7 2445
e 1 68 2446
e 1 69 2448
e 1 70 2460
e 1 8 2461
e 1 71 2462
e 1 72 2463
e 1 73 2473
e 1 74 2475
e 1 36 2482
e 1 75 2497
e 1 55 2498
e 1 76 24100
e 1 56 24103
e 1 45 24109
e 77 66 2541
e 77 45 25109
e 14 65 2629
e 14 78 2630
e 14 79 2631
e 14 66 2641
e 14 27 2647
e 14 8 2661
e 14 80 2671
e 14 73 2673
e 14 81 2690
e 14 53 2691
e 14 76 26100
e 14 82 26101
e 14 83 26102
e 14 56 26103
e 14 29 26104
e 14 5 26108
e 14 84 26113
e 14 46 26115
e 85 80 2771
e 85 4 2794
e 85 5 27108
e 85 45 27109
e 85 11 27111
e 64 25 2835
e 64 34 2837
e 64 2 2838
e 64 43 2865
e 64 4 2894
e 65 43 2965
e 65 40 2995
e 78 33 3036
e 78 26 3040
e 78 86 3055
e 78 43 3065
e 78 87 3068
e 78 16 3069
e 78 36 3082
e 78 55 3098
e 78 18 30110
e 79 15 3139
e 88 33 3236
e 88 15 3239
e 88 66 3241
e 88 27 3247
e 88 89 3252
e 88 53 3291
e 88 9 32112
e 90 89 3352
e 90 91 3353
e 90 53 3391
e 90 40 3395
e 90 92 3399
e 90 9 33112
e 90 46 33115
e 51 67 3443
e 51 61 3449
e 51 91 3453
e 51 72 3463
e 51 40 3495
e 51 55 3498
e 51 92 3499
e 51 56 34103
e 25 71 3562
e 25 93 3572
e 25 57 35105
e 25 5 35108
e 25 46 35115
e 33 94 3644
e 33 7 3645
e 33 70 3660
e 33 72 3663
e 33 5 36108
e 33 46 36115
e 34 72 3763
e 2 68 3846
e 2 69 3848
e 2 61 3849
e 2 95 3850
e 2 96 3851
e 2 91 3853
e 2 97 3856
e 2 63 3857
e 2 71 3862
e 2 72 3863
e 2 98 3889
e 2 81 3890
e 2 55 3898
e 2 83 38102
e 2 56 38103
e 15 69 3948
e 15 61 3949
e 15 70 3960
e 15 99 3970
e 15 93 3972
e 15 81 3990
e 15 100 3993
e 26 94 4044
e 26 101 4064
e 26 28 4067
e 26 5 40108
e 26 45 40109
e 66 102 4166
e 94 89 4452
e 94 91 4453
e 94 63 4457
e 94 87 4468
e 7 101 4564
e 7 99 4570
e 7 103 4576
e 7 100 4593
e 68 5 46108
e 68 46 46115
e 27 104 4774
e 69 40 4895
e 69 46 48115
e 61 20 4979
e 61 5 49108
e 61 45 49109
e 96 87 5168
e 96 20 5179
e 96 105 5180
e 96 17 5183
e 89 45 52109
e 91 8 5361
e 91 43 5365
e 91 102 5366
e 91 105 5380
e 106 80 5471
e 97 5 56108
e 63 43 5765
e 63 103 5776
e 63 5 57108
e 52 80 5871
e 52 59 5878
e 52 45 58109
e 39 36 5982
e 70 16 6069
e 70 80 6071
e 70 36 6082
e 70 22 6087
e 70 11 60111
e 8 87 6168
e 8 36 6182
e 8 100 6193
e 8 92 6199
e 8 29 61104
e 8 30 61107
e 8 11 61111
e 71 43 6265
e 71 35 6277
e 71 29 62104
e 71 11 62111
e 71 9 62112
e 72 103 6376
e 72 4 6394
e 72 11 63111
e 43 73 6573
e 43 36 6582
e 43 92 6599
e 43 30 65107
e 43 45 65109
e 102 45 66109
e 28 99 6770
e 28 93 6772
e 28 103 6776
e 28 36 6782
e 87 29 68104
e 87 57 68105
e 16 5 69108
e 16 107 69114
e 16 46 69115
e 99 57 70105
e 99 46 70115
e 80 20 7179
e 80 36 7182
e 80 22 7187
e 80 4 7194
e 80 108 7196
e 80 46 71115
e 93 4 7294
e 73 4 7394
e 104 36 7482
e 104 29 74104
e 74 36 7582
e 74 29 75104
e 103 20 7679
e 103 5 76108
e 35 5 77108
e 59 44 7892
e 59 40 7895
e 59 5 78108
e 105 44 8092
e 105 40 8095
e 109 4 8194
e 36 44 8292
e 36 40 8295
e 36 108 8296
e 36 107 82114
e 17 44 8392
e 17 40 8395
e 17 75 8397
e 110 4 8594
e 49 40 8695
e 49 30 86107
e 49 5 86108
e 49 9 86112
e 22 30 87107
e 22 9 87112
e 81 4 9094
e 81 5 90108
e 81 46 90115
e 53 45 91109
e 44 46 92115
e 4 83 94102
e 4 56 94103
e 4 29 94104
e 108 29 96104
e 108 30 96107
e 75 41 97106
e 75 30 97107
e 29 45 104109
e 57 18 105110
e 41 5 106108
e 41 45 106109
e 30 5 107108
e 30 45 107109
e 5 18 108110
e 5 11 108111
e 45 84 109113
e 45 107 109114
e 18 46 110115
t # 29
v 0 0
v 1 5
v 2 30
v 3 86
v 4 1
v 5 6
v 6 7
v 7 9
v 8 10
v 9 22
v 10 23
v 11 24
v 12 34
v 13 44
v 14 65
v 15 66
v 16 101
v 17 108
v 18 2
v 19 81
v 20 3
v 21 109
v 22 115
v 23 4
v 24 32
v 25 46
v 26 99
v 27 110
v 28 26
v 29 40
v 30 68
v 31 69
v 32 96
v 33 56
v 34 79
v 35 97
v 36 83
v 37 8
v 38 17
v 39 35
v 40 67
v 41 78
v 42 42
v 43 82
v 44 20
v 45 37
v 46 39
v 47 55
v 48 95
v 49 11
v 50 87
v 51 111
v 52 12
v 53 41
v 54 94
v 55 13
v 56 76
v 57 14
v 58 59
v 59 104
v 60 15
v 61 61
v 62 16
v 63 27
v 64 85
v 65 45
v 66 51
v 67 60
v 68 18
v 69 112
v 70 19
v 71 105
v 72 21
v 73 114
v 74 53
v 75 58
v 76 63
v 77 49
v 78 62
v 79 91
v 80 100
v 81 102
v 82 25
v 83 80
v 84 98
v 85 29
v 86 33
v 87 52
v 88 77
v 89 103
v 90 113
v 91 28
v 92 93
v 93 36
v 94 38
v 95 84
v 96 31
v 97 70
v 98 92
v 99 71
v 100 73
v 101 75
v 102 48
v 103 72
v 104 89
v 105 43
v 106 47
v 107 50
v 108 57
v 109 54
v 110 64
v 111 106
v 112 90
v 113 74
v 114 88
e 0 1 05
e 0 2 030
e 0 3 086
e 4 5 16
e 4 6 17
e 4 7 19
e 4 8 110
e 4 9 122
e 4 10 123
e 4 11 124
e 4 2 130
e 4 12 134
e 4 13 144
e 4 14 165
e 4 15 166
e 4 16 1101
e 4 17 1108
e 18 19 281
e 20 17 3108
e 20 21 3109
e 20 22 3115
e 23 24 432
e 23 25 446
e 23 26 499
e 23 21 4109
e 23 27 4110
e 1 28 526
e 1 24 532
e 1 12 534
e 1 29 540
e 1 30 568
e 1 31 569
e 1 32 596
e 1 21 5109
e 1 27 5110
e 5 33 656
e 5 34 679
e 5 35 697
e 6 33 756
e 6 30 768
e 6 34 779
e 6 36 783
e 37 38 817
e 37 24 832
e 37 39 835
e 37 25 846
e 37 33 856
e 37 40 867
e 37 31 869
e 37 41 878
e 37 34 879
e 37 3 886
e 37 26 899
e 37 27 8110
e 7 11 924
e 7 28 926
e 7 24 932
e 7 29 940
e 7 42 942
e 7 25 946
e 7 33 956
e 7 15 966
e 7 41 978
e 7 43 982
e 8 44 1020
e 8 11 1024
e 8 45 1037
e 8 46 1039
e 8 47 1055
e 8 43 1082
e 8 36 1083
e 8 48 1095
e 49 36 1183
e 49 50 1187
e 49 21 11109
e 49 51 11111
e 52 11 1224
e 52 53 1241
e 52 33 1256
e 52 3 1286
e 52 54 1294
e 52 48 1295
e 52 17 12108
e 52 51 12111
e 55 53 1341
e 55 33 1356
e 55 56 1376
e 55 41 1378
e 55 54 1394
e 55 51 13111
e 57 39 1435
e 57 45 1437
e 57 53 1441
e 57 33 1456
e 57 58 1459
e 57 40 1467
e 57 34 1479
e 57 59 14104
e 60 11 1524
e 60 33 1556
e 60 61 1561
e 60 14 1565
e 60 41 1578
e 62 44 1620
e 62 63 1627
e 62 45 1637
e 62 46 1639
e 62 47 1655
e 62 40 1667
e 62 36 1683
e 62 64 1685
e 62 48 1695
e 38 29 1740
e 38 65 1745
e 38 66 1751
e 38 67 1760
e 38 61 1761
e 38 43 1782
e 38 36 1783
e 38 50 1787
e 38 54 1794
e 38 22 17115
e 68 39 1835
e 68 59 18104
e 68 21 18109
e 68 69 18112
e 70 11 1924
e 70 12 1934
e 70 54 1994
e 70 21 19109
e 70 22 19115
e 44 39 2035
e 44 3 2086
e 44 71 20105
e 72 12 2134
e 72 54 2194
e 72 73 21114
e 72 22 21115
e 9 74 2253
e 9 33 2256
e 9 75 2258
e 9 58 2259
e 9 76 2263
e 9 36 2283
e 10 58 2359
e 10 76 2363
e 10 51 23111
e 11 77 2449
e 11 75 2458
e 11 67 2460
e 11 78 2462
e 11 31 2469
e 11 79 2491
e 11 80 24100
e 11 81 24102
e 11 22 24115
e 82 76 2563
e 82 83 2580
e 82 32 2596
e 82 84 2598
e 82 26 2599
e 82 81 25102
e 82 73 25114
e 28 85 2629
e 28 24 2632
e 28 86 2633
e 28 39 2635
e 28 65 2645
e 28 87 2652
e 28 61 2661
e 28 76 2663
e 28 88 2677
e 28 54 2694
e 28 26 2699
e 28 89 26103
e 28 17 26108
e 28 69 26112
e 28 90 26113
e 63 24 2732
e 63 76 2763
e 63 41 2778
e 63 54 2794
e 63 84 2798
e 63 26 2799
e 63 17 27108
e 63 22 27115
e 91 12 2834
e 91 39 2835
e 91 66 2851
e 91 74 2853
e 91 40 2867
e 91 50 2887
e 91 92 2893
e 91 21 28109
e 85 12 2934
e 85 93 2936
e 85 94 2938
e 85 66 2951
e 85 15 2966
e 85 95 2984
e 85 92 2993
e 85 21 29109
e 2 45 3037
e 2 66 3051
e 2 30 3068
e 2 31 3069
e 2 95 3084
e 2 64 3085
e 2 3 3086
e 2 50 3087
e 2 79 3091
e 2 92 3093
e 96 74 3153
e 96 33 3156
e 96 32 3196
e 96 21 31109
e 96 27 31110
e 24 45 3237
e 24 97 3270
e 24 98 3292
e 24 16 32101
e 86 48 3395
e 86 16 33101
e 12 53 3441
e 12 77 3449
e 12 87 3452
e 12 74 3453
e 12 76 3463
e 12 97 3470
e 12 99 3471
e 12 100 3473
e 12 101 3475
e 12 43 3482
e 12 36 3483
e 12 35 3497
e 12 84 3498
e 12 26 3499
e 12 80 34100
e 12 81 34102
e 12 90 34113
e 39 29 3540
e 39 102 3548
e 39 103 3572
e 39 83 3580
e 39 43 3582
e 39 32 3596
e 39 84 3598
e 39 81 35102
e 93 101 3675
e 45 42 3742
e 45 13 3744
e 45 83 3780
e 94 101 3875
e 94 34 3879
e 29 36 4083
e 29 104 4089
e 29 98 4092
e 29 59 40104
e 29 21 40109
e 29 69 40112
e 53 31 4169
e 53 95 4184
e 42 48 4295
e 42 21 42109
e 105 97 4370
e 105 99 4371
e 13 99 4471
e 13 98 4492
e 13 92 4493
e 13 16 44101
e 13 21 44109
e 13 22 44115
e 65 97 4570
e 65 99 4571
e 65 34 4579
e 65 21 45109
e 25 31 4669
e 106 97 4770
e 106 99 4771
e 106 22 47115
e 102 34 4879
e 102 21 48109
e 102 51 48111
e 77 48 4995
e 77 21 49109
e 77 27 49110
e 77 51 49111
e 107 61 5061
e 66 108 5157
e 66 3 5186
e 87 33 5256
e 87 56 5276
e 87 41 5278
e 74 15 5366
e 74 3 5386
e 109 61 5461
e 109 99 5471
e 109 34 5479
e 109 51 54111
e 33 64 5685
e 33 98 5692
e 33 80 56100
e 108 64 5785
e 108 22 57115
e 75 41 5878
e 75 43 5882
e 75 54 5894
e 75 17 58108
e 75 21 58109
e 75 51 58111
e 58 110 5964
e 58 95 5984
e 58 64 5985
e 58 17 59108
e 58 21 59109
e 58 22 59115
e 67 34 6079
e 67 3 6086
e 67 27 60110
e 67 51 60111
e 61 15 6166
e 61 34 6179
e 61 95 6184
e 61 64 6185
e 61 3 6186
e 61 32 6196
e 61 16 61101
e 61 71 61105
e 61 21 61109
e 78 98 6292
e 78 48 6295
e 78 27 62110
e 78 51 62111
e 76 110 6364
e 76 97 6370
e 76 98 6392
e 76 92 6393
e 76 16 63101
e 76 59 63104
e 76 21 63109
e 76 27 63110
e 110 36 6483
e 110 26 6499
e 110 80 64100
e 110 27 64110
e 110 51 64111
e 14 34 6579
e 14 32 6596
e 14 26 6599
e 14 21 65109
e 14 22 65115
e 15 34 6679
e 15 43 6682
e 40 34 6779
e 40 17 67108
e 30 84 6898
e 30 59 68104
e 31 43 6982
e 31 59 69104
e 31 71 69105
e 31 111 69106
e 31 17 69108
e 97 19 7081
e 97 64 7085
e 97 112 7090
e 97 26 7099
e 97 71 70105
e 97 27 70110
e 97 73 70114
e 99 41 7178
e 99 83 7180
e 99 43 7182
e 99 64 7185
e 99 32 7196
e 99 73 71114
e 103 92 7293
e 103 48 7295
e 103 21 72109
e 100 27 73110
e 100 51 73111
e 100 69 73112
e 100 22 73115
e 113 92 7493
e 113 59 74104
e 113 51 74111
e 113 69 74112
e 101 114 7588
e 101 16 75101
e 101 21 75109
e 101 22 75115
e 56 80 76100
e 56 16 76101
e 88 22 77115
e 41 36 7883
e 41 104 7889
e 41 98 7892
e 41 80 78100
e 41 69 78112
e 34 43 7982
e 34 79 7991
e 34 80 79100
e 34 69 79112
e 83 50 8087
e 83 92 8093
e 83 48 8095
e 19 22 81115
e 43 92 8293
e 43 48 8295
e 43 59 82104
e 43 69 82112
e 36 3 8386
e 36 98 8392
e 36 92 8393
e 36 59 83104
e 36 51 83111
e 95 51 84111
e 64 51 85111
e 3 69 86112
e 3 22 86115
e 50 51 87111
e 50 69 87112
e 112 48 9095
e 112 17 90108
e 92 84 9398
e 54 27 94110
e 48 81 95102
e 84 59 98104
e 84 17 98108
e 84 21 98109
e 80 51 100111
e 16 51 101111
e 17 51 108111
e 17 69 108112
t # 30
v 0 0
v 1 65
v 2 108
v 3 1
v 4 6
v 5 24
v 6 25
v 7 109
v 8 2
v 9 11
v 10 82
v 11 83
v 12 3
v 13 4
v 14 5
v 15 34
v 16 38
v 17 69
v 18 80
v 19 115
v 20 7
v 21 26
v 22 56
v 23 8
v 24 63
v 25 9
v 26 86
v 27 10
v 28 32
v 29 42
v 30 44
v 31 66
v 32 68
v 33 78
v 34 81
v 35 84
v 36 85
v 37 87
v 38 95
v 39 104
v 40 93
v 41 12
v 42 13
v 43 60
v 44 62
v 45 64
v 46 91
v 47 111
v 48 14
v 49 67
v 50 15
v 51 57
v 52 58
v 53 88
v 54 16
v 55 17
v 56 27
v 57 59
v 58 18
v 59 40
v 60 19
v 61 20
v 62 90
v 63 21
v 64 22
v 65 48
v 66 94
v 67 23
v 68 46
v 69 61
v 70 75
v 71 29
v 72 31
v 73 45
v 74 98
v 75 100
v 76 113
v 77 73
v 78 28
v 79 30
v 80 55
v 81 89
v 82 97
v 83 105
v 84 99
v 85 33
v 86 41
v 87 43
v 88 49
v 89 50
v 90 51
v 91 71
v 92 102
v 93 35
v 94 36
v 95 37
v 96 74
v 97 47
v 98 52
v 99 92
v 100 76
v 101 77
v 102 53
v 103 106
v 104 54
v 105 70
v 106 110
v 107 112
v 108 114
v 109 72
v 110 79
e 0 1 065
e 0 2 0108
e 3 4 16
e 3 5 124
e 3 6 125
e 3 1 165
e 3 7 1109
e 8 9 211
e 8 10 282
e 8 11 283
e 12 5 324
e 12 10 382
e 13 9 411
e 14 15 534
e 4 16 638
e 4 17 669
e 4 18 680
e 4 2 6108
e 4 19 6115
e 20 21 726
e 20 22 756
e 20 19 7115
e 23 9 811
e 23 24 863
e 23 11 883
e 25 15 934
e 25 10 982
e 25 26 986
e 25 19 9115
e 27 5 1024
e 27 6 1025
e 27 28 1032
e 27 15 1034
e 27 16 1038
e 27 29 1042
e 27 30 1044
e 27 31 1066
e 27 32 1068
e 27 33 1078
e 27 34 1081
e 27 10 1082
e 27 35 1084
e 27 36 1085
e 27 37 1087
e 27 38 1095
e 27 39 10104
e 27 2 10108
e 9 5 1124
e 9 15 1134
e 9 31 1166
e 9 26 1186
e 9 40 1193
e 9 2 11108
e 9 19 11115
e 41 16 1238
e 41 22 1256
e 41 1 1265
e 41 17 1269
e 41 39 12104
e 41 2 12108
e 42 22 1356
e 42 43 1360
e 42 44 1362
e 42 45 1364
e 42 46 1391
e 42 40 1393
e 42 47 13111
e 48 22 1456
e 48 24 1463
e 48 31 1466
e 48 49 1467
e 48 17 1469
e 50 22 1556
e 50 51 1557
e 50 52 1558
e 50 43 1560
e 50 45 1564
e 50 53 1588
e 54 39 16104
e 54 2 16108
e 55 56 1727
e 55 57 1759
e 55 1 1765
e 55 49 1767
e 55 39 17104
e 55 2 17108
e 55 19 17115
e 58 6 1825
e 58 59 1840
e 58 1 1865
e 58 49 1867
e 60 15 1934
e 61 10 2082
e 61 62 2090
e 61 39 20104
e 61 7 20109
e 61 47 20111
e 61 19 20115
e 63 26 2186
e 63 39 21104
e 63 19 21115
e 64 65 2248
e 64 52 2258
e 64 57 2259
e 64 24 2263
e 64 49 2267
e 64 17 2269
e 64 10 2282
e 64 11 2283
e 64 66 2294
e 64 38 2295
e 64 7 22109
e 67 68 2346
e 67 22 2356
e 67 51 2357
e 67 52 2358
e 67 10 2382
e 67 47 23111
e 5 52 2458
e 5 57 2459
e 5 43 2460
e 5 69 2461
e 5 24 2463
e 5 70 2475
e 5 34 2481
e 6 51 2557
e 6 47 25111
e 21 71 2629
e 21 72 2631
e 21 73 2645
e 21 65 2648
e 21 69 2661
e 21 24 2663
e 21 49 2667
e 21 17 2669
e 21 62 2690
e 21 74 2698
e 21 75 26100
e 21 47 26111
e 21 76 26113
e 56 71 2729
e 56 24 2763
e 56 77 2773
e 56 47 27111
e 78 15 2834
e 78 1 2865
e 78 39 28104
e 71 15 2934
e 71 39 29104
e 79 16 3038
e 79 68 3046
e 79 80 3055
e 79 26 3086
e 79 53 3088
e 79 81 3089
e 79 66 3094
e 79 82 3097
e 79 39 30104
e 79 83 30105
e 79 47 30111
e 72 59 3140
e 72 22 3156
e 72 84 3199
e 28 59 3240
e 28 39 32104
e 28 7 32109
e 85 39 33104
e 15 59 3440
e 15 86 3441
e 15 87 3443
e 15 88 3449
e 15 89 3450
e 15 90 3451
e 15 80 3455
e 15 51 3457
e 15 57 3459
e 15 69 3461
e 15 24 3463
e 15 17 3469
e 15 91 3471
e 15 77 3473
e 15 81 3489
e 15 38 3495
e 15 82 3497
e 15 74 3498
e 15 92 34102
e 15 19 34115
e 93 51 3557
e 93 44 3562
e 93 19 35115
e 94 76 36113
e 95 52 3758
e 16 86 3841
e 16 96 3874
e 16 70 3875
e 16 62 3890
e 16 46 3891
e 16 7 38109
e 59 30 4044
e 59 97 4047
e 59 43 4060
e 59 69 4061
e 59 1 4065
e 59 17 4069
e 59 66 4094
e 86 52 4158
e 29 19 42115
e 30 98 4452
e 30 51 4457
e 30 81 4489
e 30 99 4492
e 30 7 44109
e 73 45 4564
e 73 100 4576
e 73 99 4592
e 73 40 4593
e 73 39 45104
e 73 19 45115
e 68 1 4665
e 68 101 4677
e 68 66 4694
e 68 2 46108
e 97 1 4765
e 97 39 47104
e 97 83 47105
e 97 2 47108
e 97 19 47115
e 65 45 4864
e 65 100 4876
e 88 100 4976
e 88 7 49109
e 88 19 49115
e 98 24 5263
e 98 1 5265
e 98 49 5267
e 98 26 5286
e 98 2 52108
e 102 24 5363
e 102 31 5366
e 102 49 5367
e 102 39 53104
e 102 103 53106
e 104 99 5492
e 22 69 5661
e 22 49 5667
e 22 10 5682
e 22 37 5687
e 22 38 5695
e 51 1 5765
e 51 31 5766
e 51 36 5785
e 51 37 5787
e 52 1 5865
e 52 70 5875
e 52 33 5878
e 52 18 5880
e 52 99 5892
e 52 39 58104
e 52 2 58108
e 57 18 5980
e 57 34 5981
e 57 39 59104
e 43 18 6080
e 43 10 6082
e 43 11 6083
e 69 105 6170
e 69 100 6176
e 69 35 6184
e 44 10 6282
e 44 38 6295
e 44 39 62104
e 44 2 62108
e 44 106 62110
e 44 107 62112
e 44 108 62114
e 24 45 6364
e 24 46 6391
e 24 40 6393
e 24 106 63110
e 45 10 6482
e 45 11 6483
e 1 109 6572
e 1 18 6580
e 1 11 6583
e 1 84 6599
e 31 2 66108
e 49 109 6772
e 49 100 6776
e 49 10 6782
e 49 46 6791
e 49 40 6793
e 49 2 67108
e 49 47 67111
e 49 19 67115
e 32 10 6882
e 32 2 68108
e 17 105 6970
e 17 39 69104
e 17 19 69115
e 105 38 7095
e 105 82 7097
e 96 2 74108
e 96 19 74115
e 70 26 7586
e 70 2 75108
e 70 19 75115
e 100 38 7695
e 100 2 76108
e 101 2 77108
e 101 47 77111
e 33 26 7886
e 33 37 7887
e 33 39 78104
e 33 76 78113
e 33 19 78115
e 110 76 79113
e 18 81 8089
e 18 99 8092
e 18 107 80112
e 34 81 8189
e 34 40 8193
e 34 2 81108
e 34 76 81113
e 10 81 8289
e 10 62 8290
e 10 46 8291
e 10 99 8292
e 10 74 8298
e 10 84 8299
e 10 75 82100
e 11 26 8386
e 11 81 8389
e 11 46 8391
e 11 40 8393
e 35 47 84111
e 36 2 85108
e 36 47 85111
e 36 76 85113
e 62 66 9094
e 46 66 9194
e 66 103 94106
e 66 106 94110
e 82 19 97115
e 39 7 104109
e 83 7 105109
e 2 106 108110
e 7 19 109115
